%YAML:1.0

cam0:
  T_imu_cam: #rotation from camera to IMU R_CtoI, position of camera in IMU p_CinI
    - [-0.005082084262597302, -0.0018247962387032773, 0.9999854211628466,     0.0657290083373107300]
    - [ 0.9999085062354354,   -0.012545425407662278,  0.005058800189903618,  -0.0514829059280014800]
    - [ 0.012536011230389409,  0.999919637980987,     0.0018883861902577257, -0.0009844683813665825]
    - [ 0.0, 0.0, 0.0, 1.0 ]
  cam_overlaps: [1]
  camera_model: pinhole
  distortion_coeffs: [ 0.0026886602829677940,
                      -0.0019764827457285170,
                      -0.0003490848888755425,
                       0.0001890333105096890 ]
  distortion_model: radtan
  intrinsics: [ 391.80108887456990,
                392.55237548480370,
                322.16550192225515,
                238.37531078507600 ] #fu, fv, cu, cv
  resolution: [640, 480]
  rostopic: /d455b/infra1/image_rect_raw
cam1:
  T_imu_cam: #rotation from camera to IMU R_CtoI, position of camera in IMU p_CinI
    - [-0.004563591549225961, -0.00196350400851512,   0.9999876590659408,     0.06525453043504618000]
    - [ 0.9999104263903855,   -0.012591309347461102,  0.0045385156950047715,  0.04407506776546579000]
    - [ 0.012582242565182892,  0.9999187984936201,    0.002020789723305342,   0.00023394327804101455]
    - [ 0.0, 0.0, 0.0, 1.0 ]
  cam_overlaps: [0]
  camera_model: pinhole
  distortion_coeffs: [ 0.00481596479931176600,
                      -0.00322855936139921370,
                      -0.00043017117619106713,
                       9.4004786787154e-05]
  distortion_model: radtan
  intrinsics: [ 391.79548312399334,
                392.50298821023847,
                322.16023855961316,
                238.4392862688926 ] #fu, fv, cu, cv
  resolution: [640, 480]
  rostopic: /d455b/infra2/image_rect_raw