%YAML:1.0

cam0:
  T_imu_cam: #rotation from camera to IMU R_CtoI, position of camera in IMU p_CinI
    - [-0.014350131400074117,  0.005148515062824009,  0.9998837765067741,    0.056148657066751050]
    - [ 0.9998843383023143,   -0.004964792010654719,  0.014375703740471401, -0.048647493894969314]
    - [ 0.005038228512430659,  0.999974421489339,    -0.005076674159104369,  0.115211276226569100]
    - [ 0.0, 0.0, 0.0, 1.]
  cam_overlaps: [1]
  camera_model: pinhole
  distortion_coeffs: [ 0.00179047671895975570,
                      -0.00040104658427598770,
                      -0.00014712056618315024,
                       0.00066462958785126680 ]
  distortion_model: radtan
  intrinsics: [ 383.2618331601749,
                383.2435861530660,
                325.9587386671344,
                236.5256021828307 ] #fu, fv, cu, cv
  resolution: [640, 480]
  rostopic: /d455b/infra1/image_rect_raw
cam1:
  T_imu_cam: #rotation from camera to IMU R_CtoI, position of camera in IMU p_CinI
    - [-0.013083099527700178,  0.004828310657210172, 0.9999027552332007,   0.055052773141263694]
    - [ 0.9999021701037377,   -0.004885194414406329, 0.013106681401860623, 0.045904559640864824]
    - [ 0.0049480024843079826, 0.9999764108676416,  -0.004763924819343679, 0.115661150984828830]
    - [ 0.0, 0.0, 0.0, 1.]
  cam_overlaps: [0]
  camera_model: pinhole
  distortion_coeffs: [ 0.00256679838427246140,
                      -0.00026425168914040085,
                      -0.00011006131776598273,
                       0.00018727309089007916 ]
  distortion_model: radtan
  intrinsics: [ 383.27568257949036,
                383.23469322188265,
                325.59623962249910,
                236.58465529892894 ] #fu, fv, cu, cv
  resolution: [640, 480]
  rostopic: /d455b/infra2/image_rect_raw